3.7836
3.55616
3.34701
3.15263
2.96808
2.78995
2.61611
2.44536
2.27726
2.11195
1.95001
1.7923
1.63985
1.49375
1.35504
1.22465
1.10328
0.991427
0.889304
0.796886
0.713915
0.639939
0.574357
0.516467
0.465517
0.420738
0.381382
0.346748
0.316191
0.289138
0.265086
0.243603
0.224319
0.206926
0.191165
0.17682
0.163713
0.151696
0.140647
0.130461
0.121052
0.112348
0.104454
0.0972764
0.0903132
0.0839468
0.0782314
0.0726214
0.0675429
0.0628876
0.0583583
0.0543475
0.0505075
0.0468674
0.0436968
0.0405227
0.0376801
0.0350366
0.0324797
0.0302733
0.0280662
0.026072
0.0242441
0.0224623
