3.7836
3.55788
3.35036
3.15775
2.97508
2.79896
2.62721
2.4586
2.29264
2.12944
1.96952
1.81368
1.6629
1.51825
1.38072
1.25121
1.13044
1.0189
0.916831
0.824234
0.740888
0.666383
0.600157
0.541548
0.489837
0.444283
0.404162
0.368787
0.337527
0.309813
0.285145
0.263091
0.24328
0.225399
0.209184
0.194416
0.180912
0.16852
0.157113
0.146584
0.137454
0.128399
0.120001
0.112547
0.105432
0.098636
0.0926151
0.0868292
0.0812918
0.0764787
0.0716727
0.0671834
0.0632632
0.0592944
0.0557411
0.052419
0.0491679
0.0463723
0.043542
0.0409248
0.0386126
0.0362718
0.0342175
0.0322338
